v1 (ms):
	mean: 13194.20000000000000000000
	var: 141

v2 - with regions (ms):
	mean: 722.60000000000000000000
	var: 16



